   274091299   632221466   -65818822  -484828974
   655483612  2016772012 -1343336557  1045037691
 -1629066552  1305917311 -1175003259  1002746302
  1653867319   -73706175  -604420939  -283895082
 -1216401492 -1729791085   972755429 -1538224089
   201041292 -1838405877  1204752350   544057535
    82746948 -1534504976  1664676925   371633304
  2027891103  -755665153  -389375895   943793824
  1533602258  -711158382 -1472517399  2107069298
 -1978274647  1415555401 -1103018666  1843395125
  -976506702  1703088310  -601259631  -283263389
  1185033427 -1481115098 -1716217245   405898576
 -1801190299  -279051612 -1477033345 -1060417053
  -603950070    44172062  1491450024  1412836791
 -1321198054  -715370441  1069359807  -721649371
 -2038694085  -812929855  1758448427  1583901786
  2034169141  -382900700  1130308063  -210170169
 -1308856993  2069202146  -438740597  2004811588
 -1428002953  -109124194  1783381396   683123000
  -638000325 -2097582287  1265042700  -235681009
 -2142276330  -573176409   641728561   727983720
 -1031494669  1040953635   -43936009  -973811682
  1848888358  -345632111   586764447  1808859360
 -1820613367   924477235  1057839923   487255453
  1690649653  1890805425 -1376648973  -506783380
    83287834  1939778026  -702256887 -1280756657
  -672808275  1339867177 -1194344072  1424845812
  -643420313  1035644930 -1205743222  -480954410
   210299556 -1451912021  1027657119   533560686
  1106378205 -1255127025  -190559637  -638029404
   950148762 -1587670596  1911145436  1265377723
   746561264 -1588065076   595160726  1979016188
   123602906  1519520742 -1113954163 -1934171273
 -1966000566   456438772 -1624184842  1228488760
  -191222729  -475341642  2130621221  1593694031
  -665204556  -314063123  -912468424 -1772188579
  1711852888  1948731281 -1101488549 -1563321283
  1493565855   489163486  -294876318 -1961491073
  1707268192 -1467171131 -1139196012  -829150572
  1757711492  1528511211  1543729052 -1103375353
  -728157178 -1887993995  2047039307   932755983
  -212461850 -1342031017  1096628092   764434454
  1704779385  1938636362  -241718565 -1465314321
 -1530926761   134206539  -227156837   599707825
  1476565751  -476267011  1121866245   325461555
 -1400236241  -336608505  1227840344 -1435118470
   542469593  -496265984 -1301508747   422952612
  -117277247 -1054151608   671403579  2044178375
  1535367100   461695798   911981214  1063907906
 -1579238865   766022196   492810426 -1099697614
  -466572983  1206547626   248968957  1424411509
 -1371182748  -411375399  1064409431   580635363
  1167636656  1589229911   -76407613 -1970529146
  1713083162  1821605126  1358019222 -1672625831
  -205743407   176556033   720657656 -1305965222
   189498831  -951394798 -2031305608   714250004
  1061397447  -505003050  2010418633  1106875640
  1607195246  -292219981    50255657   -56078802
   420324439  1319836869 -1335756603 -1104184987
 -1606519704 -1044150230  1172826291 -1414586876
  1460796981  1190536093  2009316123  1998225065
 -1140713162  1728471696  1363446015   124793016
 -1812037124  -175843454   455393797   406268499
 -1814577108 -1332875330  -185012924  -895542224
    80881432   103912383   679349333   998131043
  1150207125   534624763  1501186268  -662521664
   575292703   577664322   -66797335  -951785642
  -647548232 -1679605748 -1829471291  1050743658
   357971897  1525953276  -443001737  -493379863
  2051562276   479947164  1870339811   511574872
  -986987130  1446606159  -986687103   197487575
   517930129 -1832099718  -354725950  -315551471
   342224926  -375739853 -1065694872   207355177
 -1514456173  2096550307  1603307064 -1773137974
  1299833893    24141735  1374917387  1990189313
   177769804 -1005679717     3758106  1695519654
   611077291 -1202387909   452966638 -1888856663
  1236143044 -1174465236  -498105664 -1620317631
 -1191866076  -917234678 -1462865474   346505652
   115252564  -561911716  -708988059  -314713643
 -1519837006  1656472485   959551428  1854947622
 -2122448806   761679561  -121901308   984128114
  -516795442   479586591  2024777876  -584650521
   -83650033  -187420700 -2116878575  1728896980
 -1067256044 -1836362699 -1104718988  1389102493
  -862095034 -1951139629   903190865   112859363
 -2069721576  1814465473   860059302  1079014880
  -489135686  1053717967  -550066298 -1854724615
  -705635142  1811413830   665461370 -1915553884
  -715855738  1634697564  1011773972  1616387626
 -1072319859   371242918   674117167    60397349
  1426916782  -496341952  -918618197 -1325567425
   908161635 -2098933600  1394528814  1444004287
   558337241 -1621132836  1213065225  -123154352
  -906069261   580557335  1547275030 -1091692452
  -815238045  -929620886     5636757  1776064785
  1055773806   881663800   976113673  1362568201
  1500927854  -462348757  1242899369  1887057774
  1897133908  -189762072 -1027419981 -1787602256
   459530834    99118124 -1904462072   723006965
  -106017661    32040062  1302201016   699313426
  1662901192  -824152650  1690732143   581752644
 -1018177647 -2076382133   120994707   554593975
   755232884  1914107067  1074285720  1949252555
  1965985609 -2060330548   300198361  1599933963
   527292502  2076339586   928506946  1716628650
  1540100440  1876484199 -1049893399 -1769743757
 -1387539031 -1504208030 -1499209078 -1772181351
   844868708 -1991920677  1426455956  2107943543
  -624440890  1034059044   918279749 -1988587747
  -623089002   644325851  -989540995   536034987
   330168419  1549852884  1358631961  -779627722
  2078161199  1161067579  1770389084   -35277513
 -1576317497  -992592675  -903000173   910515288
 -1421701025 -1870556976   -19857866 -1422194786
  -165068288  -668627956   -67865294  1793684676
   970002851  1060231913   911593195  1006713979
 -2009839068  -224675500 -1443923452 -1489720068
 -1307217192 -1932437066  -368369255   -46362503
  -728577183  1790188189  1248611487 -1910581791
  -784120151  1734778000  2076818721  -888014081
   -90738844  1355248866   153166104  1158409168
  -342524615 -1995678184   426549109 -1987489018
  -733654878  -442783870 -1029023455  1380233620
 -1192746574  1357868676  -857829204   123950017
   947440357  1489975308   466781534 -1745014698
  -526656032  -817360746   159090644  1150102225
  -285698401   -11342145 -2097989701 -1405904766
  1159799161   942042416   558517668   956953194
  1365148871 -1601279360  1148112150    65562231
  -224132699 -1839895042 -1809678503  -656255598
 -1708014362  1909697937   986591628   823332796
   652395633 -1139996921   762890643  -370530608
   156387261 -1125405356 -1586282546 -1601785556
  -842061395 -2067781269 -1436483258   210526373
  1215461233  -101896409  -295289476  -335305421
  2146555017  1232315252 -1593182748 -1679084836
 -1665542813  -195498173   193192886   262400593
  1623609241  -289515084  1983927345 -1192431389
  1286480734    48916349  1960462386 -1973103228
   338208155  -808321810   587202177 -1903726404
 -1310049911 -1627594312  -385002192 -1310124106
   102133628   837820191  -863129562  1931132114
   503285304  -507967801  1218247716  -374002292
  1474095237  1885802565 -1347074843  1507143044
  -314349632  -443823013 -1458398568 -1937830160
 -1175458824  -472137046 -2026811977  1297731775
  2038913445  -834530455  1523443218  1420876221
  1881441004   891106831   753580203 -1295675520
  1106841009 -1290635434  1280020223  -147189074
  1619086681 -2064441951  1093279754  1600697292
